0 [1, 2, 3, 4, 5, 6, 7, 8, 9, 23, 24, 28, 30, 31, 32, 35, 36, 37, 39, 40, 41, 42, 43, 44, 45, 46, 47, 48, 49, 51, 52, 53, 63, 64, 65, 66, 67, 68, 69, 70, 71, 72, 73, 74, 75, 77, 78, 79, 80, 81, 82, 83, 84, 85, 86, 87, 88, 89, 90, 91, 92, 93, 94, 95, 96, 97, 102, 103, 104]
1 [10, 11, 12, 13, 18, 19, 20, 21, 22]
2 [14, 15, 16, 17, 25, 26]
3 [27, 50, 76]
4 [29]
5 [33]
6 [34]
7 [38, 101]
8 [54, 55, 56, 57, 58, 59, 60, 61, 62]
9 [98, 99, 106, 107, 108, 111, 115, 116, 117, 118, 119, 120, 121, 122, 123, 124, 125, 126, 127, 128, 129, 130, 131, 134, 135, 136, 137, 138, 139, 140, 141, 142, 143, 144, 147, 148, 150, 151, 152, 153, 154, 155, 157, 158, 159, 160, 161, 162, 164, 165, 166, 167, 168, 170, 171, 172, 175, 176, 177, 178, 179, 180, 181, 183, 184, 185, 186, 187, 188, 189, 190, 191, 192, 193, 194, 195, 196, 197, 198, 199, 200, 201, 202, 203, 204, 205, 206, 207, 208, 209, 210, 211, 212, 213, 214, 215, 216, 217, 218, 219, 220, 221, 222, 223, 224, 225, 226, 227, 228, 229, 231, 233, 241, 242, 243, 244, 245, 246, 247, 248, 249, 250, 251, 252, 253, 254, 255, 256, 258, 259]
10 [100]
11 [105]
12 [109]
13 [110]
14 [112, 113]
15 [114, 149]
16 [132, 133]
17 [145, 146]
18 [156]
19 [163]
20 [169]
21 [173, 174, 234, 235, 236, 237, 238, 239]
22 [182]
23 [230]
24 [232]
25 [240]
26 [257]
27 [260, 261, 262, 264, 265, 267, 270, 271, 273, 278, 283, 284, 286, 287, 295, 296, 297, 311, 313, 314, 316]
28 [263]
29 [266]
30 [268, 269, 272, 274, 275, 277, 279, 280, 281, 282, 285, 288, 289, 290, 291, 309, 315]
31 [276]
32 [292, 293, 298, 299, 300, 301, 302, 303, 304, 305, 306, 307, 312, 317, 318, 320, 321, 322, 323, 324, 325, 326, 327, 328, 329, 330, 331, 332, 333, 334, 335, 336, 337, 338, 339, 340, 341, 342, 343, 344, 345, 347, 348, 350, 351, 352, 353, 354, 355, 356, 357, 358, 359, 360, 361, 362, 363, 364, 365, 366, 369, 374, 381, 386, 387, 388, 392, 393, 395, 396, 397, 398, 399, 400, 401, 402, 403, 404, 405, 407, 408, 409, 410, 411, 412, 413, 414, 415, 417, 418, 419, 420, 421, 422, 424, 425, 426, 428, 430, 432, 433, 434, 435, 436, 437, 438, 439, 440, 441, 442, 445, 446, 456, 457, 459, 460, 461, 470]
33 [294]
34 [308]
35 [310]
36 [319]
37 [346]
38 [349]
39 [367, 368]
40 [370, 371]
41 [372]
42 [373]
43 [375, 376, 377, 379]
44 [378]
45 [380]
46 [382, 383, 384, 385]
47 [389, 390]
48 [391]
49 [394]
50 [406]
51 [416]
52 [423]
53 [427]
54 [429]
55 [431]
56 [443]
57 [444, 447, 448, 449, 450, 451, 452, 453, 454, 455, 458, 462, 464, 465, 466, 467, 469, 471, 472, 473, 474, 475, 476, 477, 478, 479, 480, 481, 482, 483, 484, 485, 486, 487, 488, 489, 491, 492, 493, 494, 495, 497, 498, 499, 500, 501, 502, 505, 506, 507, 509, 511, 512, 514, 515, 516, 518, 519, 522, 529, 530, 536, 540, 553, 556, 569, 570, 571]
58 [463]
59 [468]
60 [490]
61 [496]
62 [503, 504, 510, 513, 521, 523, 524, 525, 526, 527, 528, 531, 532, 533, 534, 535, 537, 538, 539, 542, 543, 544, 547, 548, 549, 550, 551, 552, 554, 555, 557, 558, 559, 560, 561, 562, 563, 564, 565, 566, 567, 568, 572, 573, 574, 575, 576, 577, 578, 579, 581, 582, 583, 584, 585, 586, 587, 588, 589, 590, 591, 592, 593, 594, 595, 596, 597, 598, 599, 600, 601, 602, 603, 604, 605, 606, 607, 609, 610, 611, 612, 614, 615, 616]
63 [508]
64 [517]
65 [520]
66 [541]
67 [545, 546]
68 [580]
69 [608, 613]
70 [617, 618, 619, 621, 622, 623, 624, 625, 626]
71 [620]
72 [627, 628, 629, 630, 631, 632, 633, 634, 636]
73 [635]
74 [637]
75 [638]
76 [639, 640, 642, 643, 644, 645, 646, 647, 648, 649, 652, 653, 654, 655, 656, 657, 658, 659, 660, 661, 662, 663, 664, 665, 666, 667, 668, 672, 673, 675, 677, 678, 680, 683, 684, 685]
77 [641]
78 [650, 651, 676, 682]
79 [669]
80 [670, 671]
81 [674]
82 [679]
83 [681]
84 [686, 687, 689, 690, 691, 692, 693, 694, 695, 696, 697, 698, 699, 700, 701, 702, 703, 704, 705, 708]
85 [688]
86 [706, 707]
87 [709, 710, 711, 712, 713, 714, 715, 716, 717, 718, 719, 720, 721, 722, 723, 724, 725, 726, 727, 728, 729, 730, 731, 742, 743, 744, 745, 746, 747, 748, 749, 750, 751, 752, 753, 754, 755, 756, 757, 758, 759, 760, 761, 762, 763, 764, 765, 766, 767, 768, 769, 770, 771, 772, 773, 774, 775, 776, 777]
88 [732, 733, 734, 736, 737, 738, 739, 740, 741]
89 [735]
90 [778]
91 [779, 780, 781, 782, 783, 784, 785, 786, 787, 788, 789, 790, 793, 795, 796, 798, 799, 800, 801, 802, 803, 819, 820, 821, 824, 825, 826, 827, 828, 830, 831, 832, 834, 839, 843, 846, 848, 849, 850, 852, 855, 856, 858, 859, 860, 861, 865, 866, 870, 871, 872, 873, 875, 876, 878, 879, 880, 882, 883, 884, 885, 886, 887, 888, 889, 890, 891, 892, 894]
92 [791]
93 [792]
94 [794]
95 [797]
96 [804, 805]
97 [806, 833, 835, 863]
98 [807, 808, 810, 811, 812, 813, 814, 815, 816, 818, 822, 823, 837, 838, 840, 841, 842, 844, 845, 847, 851, 857, 862, 864, 867, 868, 869, 874, 877, 893, 895]
99 [809]
100 [817]
101 [829]
102 [836]
103 [853]
104 [854]
105 [881]
